Declinacao

Beta: [  2.89886225e-02  -2.18073517e+01   1.45202328e+02  -8.43951146e+01]
Beta Std Error: [  2.60624246e-03   7.11610586e+00   7.08157668e+00   7.19885602e+00]
Beta Covariance: [[  1.19854637e-06  -5.02665482e-04   4.00177492e-04  -2.15846042e-03]
 [ -5.02665482e-04   8.93531793e+00   1.95852046e+00   4.43432454e+00]
 [  4.00177492e-04   1.95852046e+00   8.84881537e+00   2.05685719e+00]
 [ -2.15846042e-03   4.43432454e+00   2.05685719e+00   9.14433620e+00]]
Residual Variance: 5.66728156265
Inverse Condition #: 0.113401024947
Reason(s) for Halting:
  Sum of squares convergence


Ascensao Reta

Beta: [  1.78296005e-02   3.27935504e+02  -1.50773282e+00  -4.84245209e+00  -2.51914495e+01]
Beta Std Error: [  1.08406777e-02   5.98866817e+01   1.76264298e+01   2.31344109e+01   2.54544319e+01]
Beta Covariance: [[  6.86269548e-06   2.70294615e-02  -3.65282158e-03   4.31383576e-03   -1.34516900e-02]
 [  2.70294615e-02   2.09431672e+02  -2.34071842e+00   2.38915471e+01   -5.30853151e+01]
 [ -3.65282158e-03  -2.34071842e+00   1.81430616e+01  -1.21522079e+00    9.39788312e+00]
 [  4.31383576e-03   2.38915471e+01  -1.21522079e+00   3.12535067e+01   -1.23782550e-02]
 [ -1.34516900e-02  -5.30853151e+01   9.39788312e+00  -1.23782550e-02    3.78363016e+01]]
Residual Variance: 17.1245094297
Inverse Condition #: 0.0212970648663
Reason(s) for Halting:
  Sum of squares convergence
