
Declinacao

Resultados do ajuste com peso:
p[0]: 12.6539157033 \pm 1.05212763723
p[1]: -44.860232164 \pm 9.00007332246
p[2]: 155.119558155 \pm 9.73481146487
p[3]: -55.743960431 \pm 9.4834606802
Residuos: 29.7968732441 mas

Resultados do ajuste sem peso:
p[0]: 9.96809688135 \pm 2.0185094294
p[1]: -4.68876035374 \pm 11.9009037539
p[2]: 140.191211937 \pm 12.2058839826
p[3]: -57.6668695461 \pm 11.1108261887
Residuos: 47.4489715175 mas
